609
236
349
939
585
275
566
178
712
54
487
487
557
983
35
958
976
488
413
390
804
734
28
227
685
548
286
835
268
67
892
896
25
249
418
125
665
464
707
5
497
913
458
336
553
344
212
479
196
402
60
2
359
780
62
288
727
917
264
751
32
991
950
460
676
354
54
790
944
321
819
830
173
57
694
961
126
784
105
313
30
603
245
657
748
530
215
616
793
815
871
599
232
893
657
94
303
133
927
108
622
207
943
262
182
591
73
378
812
46
980
772
37
675
249
473
108
537
95
882
986
195
441
955
725
789
389
93
980
868
695
608
770
561
181
109
986
546
692
259
322
418
91
904
802
827
798
155
982
896
606
31
666
935
831
51
310
7
122
256
35
999
924
706
869
135
775
451
73
651
863
860
544
269
600
725
628
730
374
295
787
480
484
512
450
77
41
470
196
420
665
584
587
660
936
402
806
994
260
335
724
792
347
92
471
742
961
522
917
984
599
604
115
7
602
506
746
357
360
150
927
211
888
349
477
149
497
351
342
209
235
546
474
19
350
452
39
293
232
785
786
349
619
148
197
976
590
168
985
437
450
681
758
109
264
326
873
690
825
795
180
700
206
909
884
612
601
324
752
459
836
808
917
514
257
109
138
192
985
921
856
143
265
472
817
688
633
29
966
737
119
860
129
700
436
678
538
705
205
444
128
782
957
320
710
399
321
792
217
777
620
924
839
763
899
355
642
998
132
936
668
604
27
27
173
680
93
381
43
972
553
436
722
657
451
88
660
778
66
621
123
162
925
306
669
743
970
977
406
239
959
800
988
66
413
664
167
264
641
52
32
637
180
275
564
249
934
314
984
661
430
372
183
787
934
467
874
693
773
876
696
313
988
341
654
596
589
722
144
548
144
457
928
226
912
59
790
40
158
236
922
447
636
476
830
709
973
543
239
453
51
706
965
46
81
783
417
825
851
579
775
709
962
566
876
589
948
234
713
589
707
831
41
769
284
951
208
759
740
406
108
717
302
12
848
198
8
86
590
313
175
889
605
234
127
153
115
341
776
137
517
465
461
43
861
113
727
163
332
313
761
431
544
951
701
154
383
911
64
481
972
548
289
269
889
692
431
962
606
723
28
456
561
82
204
856
231
738
299
137
626
59
630
195
404
474
872
147
714
107
448
401
156
715
833
151
220
889
267
939
333
670
856
534
846
634
481
454
487
753
249
248
619
766
74
82
103
839
191
361
162
785
122
782
526
925
199
319
598
251
393
67
607
46
324
533
244
625
970
756
988
968
809
994
319
978
349
676
778
220
714
282
223
954
949
832
185
682
460
980
198
978
866
833
693
179
248
499
570
869
184
955
655
654
196
221
302
781
79
297
356
28
481
287
496
701
321
191
797
723
438
159
68
812
111
158
414
254
356
369
744
496
700
747
664
243
536
667
86
113
488
768
327
60
212
336
990
194
534
74
51
943
871
536
201
579
614
770
387
454
896
895
863
410
692
260
678
560
943
418
834
685
328
187
896
582
612
277
120
609
644
594
659
398
245
607
157
415
465
596
947
356
28
484
663
593
170
662
689
660
279
682
344
522
487
848
65
17
599
309
711
203
611
440
820
841
730
524
975
462
583
302
759
230
665
666
287
343
741
624
178
527
786
789
824
422
453
320
394
949
774
754
459
311
155
729
831
487
476
327
32
946
719
358
975
510
629
319
520
964
76
252
649
538
990
186
124
35
242
371
626
195
490
818
235
510
669
624
172
640
85
103
648
939
227
133
538
92
498
212
785
606
449
456
397
764
333
672
497
553
7
40
138
194
545
62
15
222
71
252
186
141
604
133
782
751
754
803
648
262
294
929
915
967
963
349
743
973
238
704
842
942
194
640
257
618
653
398
489
185
882
708
401
453
833
513
498
8
84
280
66
6
491
477
381
54
554
546
262
861
113
322
460
20
389
916
104
764
581
393
446
911
455
897
442
200
484
227
573
181
297
676
272
4
311
218
832
652
758
937
555
517
742
918
298
379
702
882
823
391
704
433
89
990
508
387
421
238
21
611
655
287
609
678
306
94
124
94
20
392
407
72
13
260
733
539
938
921
383
58
581
955
688
324
23
560
291
786
473
816
356
888
263
580
764
871
230
46
817
474
640
914
237
848
285
35
70
586
140
96
742
702
571
537
876
691
499
301
187
205
527
109
81
403
94
471
106
879
367
555
958
542
261
706
512
57
811
785
489
811
537
432
157
269
8
447
828
814
403
971
875
958
766
526
308
84
251
837
115
830
59
246
99
138
858
33
97
67
518
78
406
854
169
231
139
22
133
928
552
556
31
876
173
627
399
330
293
515
479
176
800
820
442
974
240
918
280
470
222
678
895
410
989
475
715
879
495
658
209
841
40
671
88
95
192
765
658
17
580
864
394
759
767
448
677
451
829
729
318
137
648
193
685
742
87
786
32
303
635
681
525
52
964
29
918
789
644
196
566
243
90
186
555
402
457
52
644
85
530
468
637
3
272
189
425
961
530
250
847
208
798
26
856
48
748
623
504
197
73
711
403
593
261
659
626
2
447
702
86
517
991
687
541
43
52
211
138
347
64
988
529
681
824
903
75
781
496
29
471
567
855
376
474
578
751
809
217
230
71
743
932
242
308
290
741
545
782
536
409
877
951
472
390
514
617
254
774
132
528
711
386
995
966
453
107
406
358
285
269
838
35
718
206
989
26
301
357
110
852
951
310
990
137
526
77
115
682
528
336
140
381
788
922
586
446
479
654
446
940
854
441
891
410
213
419
644
903
863
150
649
488
743
240
750
548
862
950
205
353
373
402
542
805
430
159
523
703
726
489
529
727
406
258
460
563
242
339
793
684
473
288
386
745
399
551
454
794
775
706
511
799
245
635
0
2
691
352
303
442
202
15
111
705
715
659
233
696
862
295
412
794
283
578
322
743
448
925
789
698
755
753
610
20
263
28
340
386
52
93
732
733
418
422
112
305
374
682
138
376
865
103
939
639
29
701
768
505
154
295
139
67
800
834
620
385
125
756
850
591
41
455
628
713
856
390
149
711
863
79
488
235
11
906
976
309
567
281
348
49
981
856
49
159
103
406
207
324
725
860
976
463
73
846
655
887
34
392
230
251
86
708
66
505
332
569
587
643
872
813
766
62
432
126
293
677
975
261
579
567
928
564
328
532
686
849
19
821
137
924
57
4
459
366
505
714
595
979
226
160
42
969
735
528
980
577
274
77
546
133
22
744
870
955
745
77
534
921
242
149
692
737
32
269
357
191
516
294
769
353
47
366
291
526
46
496
834
242
85
959
830
633
138
553
190
306
692
826
162
462
620
869
125
912
946
251
973
263
283
205
398
626
361
444
188
436
36
380
472
177
520
443
500
775
303
984
730
984
328
186
162
975
295
583
898
480
823
447
388
534
142
775
922
759
945
330
957
58
119
197
342
229
762
330
276
984
203
167
368
614
45
319
85
140
421
418
981
34
312
497
31
899
902
397
589
272
734
640
637
857
490
259
398
966
227
170
70
323
72
61
721
539
324
832
533
278
229
870
308
190
292
793
225
590
754
829
382
940
592
438
926
777
650
479
558
518
724
892
610
497
757
922
837
968
643
13
992
349
32
571
551
587
268
408
641
784
362
360
255
796
543
308
102
561
185
367
16
802
756
481
743
617
579
374
340
292
644
439
839
720
381
145
656
121
206
164
70
297
7
183
662
431
612
978
102
665
918
269
930
229
987
831
206
204
937
641
517
0
127
60
266
168
444
352
533
482
772
30
425
816
744
785
796
158
910
160
446
186
57
359
501
229
778
55
87
649
847
243
234
68
355
581
889
340
397
320
832
379
22
263
970
206
941
485
352
616
550
319
541
860
51
879
592
26
184
482
362
753
29
300
17
727
752
922
907
61
33
937
471
783
706
30
857
738
279
973
764
702
802
829
149
830
195
435
877
101
653
887
823
492
588
532
435
770
902
684
410
795
615
995
571
451
274
714
357
789
981
231
966
567
332
515
916
345
329
701
994
494
98
29
453
713
635
491
23
12
622
217
68
877
792
814
59
402
566
685
95
678
815
381
863
388
804
722
75
132
605
716
320
732
590
350
53
905
130
562
591
990
351
555
210
819
450
619
529
442
884
990
48
598
398
70
863
901
736
473
746
488
416
816
503
600
361
41
543
963
42
959
145
335
993
712
748
542
328
392
379
635
694
429
614
149
353
314
110
561
882
471
936
420
73
705
623
209
876
974
731
960
418
732
966
168
381
386
249
838
703
23
210
70
387
713
241
338
384
729
20
153
154
942
239
41
593
383
567
160
990
237
777
71
618
527
302
865
506
24
867
674
169
694
126
395
820
540
35
277
739
227
208
948
390
789
365
871
839
986
425
845
255
134
961
649
779
58
441
593
824
985
104
123
324
423
967
977
240
589
218
560
211
88
563
243
360
363
147
837
219
714
555
143
383
185
682
686
116
403
871
312
415
383
889
969
387
592
845
745
823
453
368
344
439
424
941
126
295
234
73
276
989
831
286
494
551
358
693
813
157
476
583
472
592
777
966
331
347
651
839
883
209
474
179
736
72
412
470
708
52
721
679
163
110
969
450
595
558
69
402
838
439
484
539
310
826
175
734
273
510
879
766
597
431
445
468
710
68
594
246
589
950
56
925
347
461
593
846
934
437
254
33
443
113
3
737
93
286
569
179
964
724
156
178
122
984
374
938
418
469
579
868
930
469
687
354
851
162
461
316
254
146
226
233
713
339
208
377
107
763
631
171
516
147
193
667
248
524
949
111
885
91
808
673
147
553
814
167
340
878
238
666
324
39
351
700
379
590
805
701
664
49
785
167
680
485
768
25
720
868
611
161
543
828
87
502
447
307
549
612
653
120
117
673
167
932
606
552
575
184
169
380
101
328
135
815
81
289
792
779
609
295
246
385
999
122
522
160
295
226
989
129
968
945
656
385
136
31
24
262
845
684
436
357
10
481
770
43
750
352
706
962
11
13
192
431
966
957
815
730
178
574
444
974
938
415
481
585
303
778
779
422
374
263
343
849
6
547
688
434
896
544
316
878
744
391
767
67
563
627
272
491
377
936
907
58
789
980
815
795
299
5
801
207
218
339
760
504
34
263
410
462
831
587
31
31
718
724
973
180
87
742
260
530
660
431
891
878
689
559
481
37
245
470
697
219
608
175
856
242
989
291
137
181
42
441
323
197
333
772
25
12
473
221
514
368
586
268
50
50
213
689
601
304
820
399
58
872
185
347
863
254
560
457
51
536
425
145
728
352
478
456
659
457
762
761
68
29
507
653
562
846
42
449
662
628
193
175
926
471
460
208
382
166
994
281
250
55
749
51
151
279
136
87
218
228
706
137
321
809
33
188
513
354
800
695
216
473
323
575
556
208
122
189
611
640
796
745
349
689
190
823
94
427
13
209
104
693
160
901
737
971
793
168
977
317
214
363
951
574
195
606
420
859
962
498
816
309
189
691
643
208
99
902
359
820
602
526
628
571
925
454
612
517
446
50
241
833
724
702
315
173
584
204
438
319
485
424
323
309
263
190
646
266
165
807
112
146
425
439
318
472
136
970
378
949
901
753
272
348
107
967
892
244
755
697
746
142
298
30
830
511
823
243
549
640
788
602
587
900
26
739
918
818
106
939
995
276
401
589
560
431
547
263
98
732
996
878
464
926
651
228
632
293
935
241
832
226
239
663
615
12
205
683
389
458
90
625
24
474
136
799
504
74
171
5
182
853
154
466
624
464
965
707
320
997
991
808
119
503
662
143
92
448
321
686
137
56
913
907
855
791
858
854
720
548
212
385
454
790
566
806
11
131
74
466
88
472
871
960
250
609
914
810
281
145
454
860
787
468
110
905
17
674
113
618
808
551
310
907
363
1
127
776
87
889
682
281
727
70
709
410
49
798
187
902
512
775
781
245
947
61
90
587
799
76
698
115
48
129
743
620
118
140
454
579
837
120
132
544
93
879
972
29
556
143
616
45
480
49
430
274
138
932
901
234
391
989
903
834
705
219
970
419
597
904
722
412
390
794
177
656
410
954
610
154
259
908
442
870
641
113
88
378
398
457
766
365
515
605
344
190
257
573
85
208
442
189
900
869
88
997
513
560
198
392
600
280
326
405
848
322
123
613
468
613
913
668
782
884
257
84
893
759
865
598
825
204
427
162
675
5
797
706
171
49
577
489
941
63
214
601
891
655
350
238
537
964
153
717
452
704
307
394
677
814
673
824
797
470
162
729
65
36
291
480
591
690
35
813
657
391
753
586
35
671
347
340
56
646
968
108
689
280
880
934
848
786
42
361
322
310
318
760
803
338
796
537
159
131
357
132
566
9
529
30
615
250
432
847
40
499
493
464
277
684
863
377
887
572
778
746
55
108
398
400
187
752
55
675
360
28
157
254
969
660
108
262
911
47
62
118
298
60
776
298
943
228
138
131
458
458
907
563
597
97
276
529
537
46
956
815
325
886
188
954
733
480
740
194
76
30
758
786
894
327
848
474
751
305
488
108
320
430
899
588
651
749
887
763
428
378
907
765
123
752
731
513
976
534
119
393
902
247
870
452
683
927
191
208
478
618
529
187
490
167
212
876
634
614
767
221
229
142
459
685
701
986
432
179
74
349
927
245
356
755
584
986
777
177
268
604
772
184
405
522
471
742
517
676
530
558
748
993
796
121
222
622
409
957
773
704
964
845
59
788
279
457
218
460
82
631
455
117
384
26
932
463
96
690
398
588
802
756
798
669
312
28
412
441
471
648
64
112
838
638
859
415
919
265
854
988
755
928
648
92
315
16
918
403
916
475
190
28
251
160
950
578
449
37
763
199
288
51
451
394
911
273
118
406
931
476
939
648
215
477
423
457
364
570
844
702
44
722
447
604
852
35
834
88
136
719
228
229
132
775
677
743
656
221
382
624
611
88
288
25
204
308
805
564
276
417
716
455
616
981
168
740
222
492
379
230
861
335
671
830
986
898
550
927
104
115
874
823
128
720
15
671
954
919
568
581
203
828
143
264
23
503
801
747
384
884
649
78
135
847
476
345
635
119
246
146
8
586
266
873
362
297
63
642
954
430
401
27
168
619
102
463
914
229
779
290
3
409
5
206
959
606
708
5
110
675
236
872
216
586
983
999
528
525
744
498
252
959
745
616
371
455
863
893
32
729
212
153
150
45
173
391
893
428
645
163
12
584
362
776
295
603
127
313
787
419
434
534
919
789
718
106
117
239
532
362
306
802
733
776
538
848
715
681
752
290
17
291
885
941
528
340
605
982
787
511
402
308
341
784
516
821
426
914
422
723
347
950
991
640
350
647
519
184
486
92
376
863
534
213
912
155
4
474
996
298
963
176
582
830
41
14
394
960
419
39
406
972
310
936
600
668
360
677
620
431
709
679
630
747
358
409
917
176
359
363
409
751
176
782
407
636
406
265
930
271
235
139
827
825
860
410
668
933
969
131
474
812
210
931
634
935
96
174
365
734
761
694
742
542
392
383
596
987
909
544
291
978
321
452
624
202
660
890
524
947
138
625
424
96
876
608
835
882
339
462
664
405
978
357
219
958
493
156
45
925
620
597
134
231
876
107
371
800
512
169
752
383
740
663
151
362
427
742
402
508
897
575
325
76
611
510
784
55
645
165
523
33
676
670
675
416
318
352
52
626
351
7
191
840
398
101
511
698
951
29
294
821
257
402
501
875
322
819
708
282
162
593
974
975
582
516
617
772
974
19
524
536
105
435
242
614
183
147
767
809
64
741
728
598
891
790
287
546
145
146
751
14
107
442
213
960
368
855
456
772
460
828
819
626
838
223
792
698
617
432
55
173
286
349
479
238
719
101
652
378
174
395
698
555
223
902
465
739
972
911
714
47
768
154
608
609
214
105
290
707
203
637
688
353
433
294
580
374
645
117
204
434
107
672
125
138
8
214
362
144
393
644
164
157
410
422
436
436
961
322
440
489
125
866
618
146
385
824
319
493
21
975
958
626
703
351
631
690
637
42
175
16
158
285
913
358
346
713
790
908
640
386
201
285
319
807
436
970
158
387
543
83
879
699
339
106
321
546
305
299
502
865
816
810
237
499
15
67
217
224
31
367
641
8
93
797
633
267
375
784
600
399
821
256
771
665
642
411
155
103
794
517
443
589
606
990
589
758
86
395
181
510
927
471
725
174
125
892
435
176
842
860
856
83
48
357
394
833
108
84
764
375
771
521
52
932
273
332
310
734
767
846
311
10
117
188
949
834
97
127
237
348
886
711
668
96
609
889
730
586
312
214
468
681
396
718
833
735
184
693
328
603
954
925
896
979
186
492
735
677
832
456
71
952
427
0
150
134
679
748
909
661
543
736
27
847
156
909
42
262
580
472
635
44
102
991
206
866
821
977
573
199
179
526
649
740
560
631
708
93
459
63
809
378
192
594
193
199
491
356
616
825
412
846
591
706
388
405
963
935
886
243
549
792
241
217
899
887
790
589
120
373
405
121
224
713
828
580
86
34
706
486
473
391
201
70
620
741
315
613
101
570
655
968
817
423
915
266
966
923
724
633
456
645
764
138
232
994
891
495
962
688
521
648
214
282
947
712
210
37
876
601
238
42
502
378
664
494
353
872
440
190
683
603
926
782
40
491
59
900
996
754
70
929
287
124
192
704
217
652
754
754
86
440
509
977
979
776
905
675
266
395
131
225
554
652
265
929
531
787
680
0
864
246
560
796
309
121
205
218
59
11
402
19
754
203
193
117
815
707
726
375
622
428
829
380
706
474
113
963
786
26
983
982
694
9
649
835
915
543
967
736
90
292
443
930
944
353
860
95
842
866
374
506
111
418
8
663
842
312
638
503
152
137
375
886
487
789
154
556
760
222
245
57
638
775
230
621
279
514
453
126
299
653
465
715
282
45
122
897
611
715
376
900
227
974
178
640
722
482
953
976
220
919
182
335
902
285
713
197
336
311
204
548
834
85
679
620
642
918
309
563
533
549
695
241
635
92
463
756
984
454
528
847
464
786
908
608
723
189
910
498
786
454
489
584
505
720
528
107
21
268
688
261
767
989
259
655
561
968
982
633
497
923
189
424
684
205
534
37
349
703
435
867
790
426
436
577
237
432
124
33
971
95
595
175
418
220
636
470
141
12
471
792
428
417
850
701
95
722
388
366
203
820
274
386
531
328
389
456
137
869
412
294
605
256
814
145
925
808
690
750
606
791
347
105
49
238
718
404
170
808
942
226
45
75
170
637
986
962
373
805
179
758
398
449
290
69
113
363
673
795
118
63
676
337
776
100
578
4
137
766
708
632
724
139
348
84
771
941
618
287
394
791
515
603
227
636
188
785
172
372
685
69
446
248
97
75
839
120
564
178
515
987
462
985
638
439
688
7
21
586
452
495
677
472
170
756
340
421
712
809
191
837
626
828
339
578
866
660
137
399
506
697
324
539
511
659
340
351
816
549
232
899
768
403
127
22
344
114
7
877
305
15
514
78
799
50
990
133
314
604
412
55
306
112
404
629
424
838
470
523
357
493
780
642
637
290
630
970
340
580
870
348
196
666
773
231
917
791
189
425
255
420
698
793
972
519
427
202
561
403
580
115
110
400
641
381
620
828
292
964
175
674
631
378
876
722
513
320
868
649
98
6
761
11
401
437
689
558
129
171
537
393
207
14
516
909
87
885
68
690
663
772
200
925
60
550
855
840
492
256
643
538
404
395
697
209
451
466
49
950
846
253
529
544
101
622
655
436
294
426
358
635
513
49
712
940
828
650
901
67
687
768
411
914
931
850
719
543
222
946
515
422
514
835
432
753
464
529
246
477
966
244
425
423
56
37
110
407
366
964
111
683
523
8
211
775
334
129
738
236
540
291
959
550
133
340
239
379
478
680
953
73
408
386
390
975
494
94
507
486
476
517
69
593
174
480
260
971
335
497
923
368
212
574
431
687
304
927
125
174
241
371
777
575
290
565
237
138
242
469
119
490
325
372
614
164
730
504
182
589
485
185
1
556
494
219
81
264
457
493
363
355
367
17
662
879
581
766
437
920
628
530
33
202
609
259
379
692
262
592
936
334
936
931
957
503
90
2
237
490
90
670
481
297
154
156
423
962
850
242
951
25
732
228
818
791
392
712
787
634
57
839
962
685
440
205
263
145
688
586
636
651
833
594
494
304
345
442
53
807
496
220
834
854
618
405
609
896
570
469
519
909
621
926
805
434
813
752
486
578
424
757
117
349
848
137
747
377
436
884
416
478
518
891
863
734
726
787
487
773
639
536
510
829
369
725
881
917
471
748
146
827
882
881
697
191
430
674
303
907
602
146
15
120
750
486
837
618
320
687
403
222
392
889
489
634
237
156
85
783
895
177
860
611
630
983
568
402
170
550
787
518
237
707
66
652
87
438
117
224
272
769
486
820
987
778
976
797
609
794
114
223
163
223
196
811
452
671
25
445
262
381
846
458
180
473
586
538
793
683
550
362
207
889
503
454
185
650
210
181
549
801
911
509
956
805
281
1
813
208
773
632
265
983
617
976
23
394
839
322
195
429
777
608
499
950
863
628
43
224
528
811
873
759
221
458
19
884
268
919
927
675
691
588
267
980
563
175
271
615
656
93
455
852
462
393
669
977
846
551
215
725
217
174
309
301
268
429
694
388
564
765
923
577
532
711
492
660
869
392
178
328
582
250
100
95
524
381
222
418
211
46
191
577
894
686
105
483
611
94
159
445
138
361
682
0
688
716
228
118
511
353
681
149
264
738
954
344
676
628
412
769
519
17
593
476
662
923
190
944
523
670
420
223
446
533
530
153
494
624
827
651
256
252
700
509
759
44
210
981
885
655
873
182
809
841
39
853
418
390
938
446
611
684
551
393
967
961
477
595
622
5
777
59
897
441
836
266
531
504
122
662
912
372
524
929
458
277
584
645
313
54
710
635
427
744
527
829
974
323
818
312
689
506
631
414
945
198
207
858
683
462
779
781
540
158
964
865
17
325
275
757
61
43
315
512
629
467
316
673
994
693
457
566
951
783
235
219
9
733
311
78
727
343
637
697
810
546
11
271
215
370
66
595
859
646
8
197
583
316
325
806
348
302
121
582
303
109
342
788
416
718
930
606
584
114
217
809
786
770
696
475
884
266
204
71
933
846
564
162
993
531
956
307
611
847
380
632
282
763
233
863
287
447
530
241
46
55
869
718
323
453
731
229
263
720
537
835
531
555
137
766
740
664
744
834
920
719
625
876
368
105
322
461
534
682
22
137
544
991
779
528
302
684
580
637
1
977
513
501
228
382
398
490
112
580
57
473
362
166
392
361
608
504
323
870
556
879
301
100
455
57
497
79
90
246
155
386
153
599
876
958
785
862
234
166
268
686
96
50
354
204
433
720
530
711
547
809
313
116
945
755
27
701
873
482
616
315
48
821
648
457
507
831
290
155
679
514
776
703
123
427
104
706
484
242
767
718
905
272
255
475
49
614
379
916
354
51
831
995
371
638
821
200
348
477
622
421
820
70
150
893
539
668
771
543
729
29
359
830
375
753
387
891
853
308
343
5
755
368
408
855
148
421
185
554
408
227
613
981
121
794
468
603
272
111
612
444
801
609
985
198
532
717
440
533
349
591
856
584
422
522
883
622
620
570
124
793
831
215
192
314
798
229
754
718
619
290
602
367
314
328
734
982
16
132
468
495
209
565
494
277
66
33
743
185
777
676
893
501
522
11
775
597
283
576
441
136
474
783
278
435
101
416
101
654
67
469
783
268
857
991
8
325
999
460
268
662
524
381
460
804
55
453
801
933
456
619
832
136
31
132
431
461
675
994
223
767
61
170
722
801
397
445
23
743
597
637
763
799
750
211
898
144
536
118
503
354
646
494
640
6
616
385
878
655
530
766
107
416
598
177
877
976
918
391
106
860
68
290
556
804
557
583
687
273
667
549
600
52
931
993
985
347
319
560
458
688
612
92
474
474
486
939
631
832
418
180
930
779
220
492
534
43
731
32
714
717
754
564
373
684
72
491
626
302
898
176
37
160
848
380
612
428
757
872
625
337
186
750
575
220
462
747
770
582
807
912
740
854
932
481
590
833
510
21
964
95
411
24
500
599
77
997
520
238
883
664
58
692
655
155
760
375
728
831
200
644
0
997
701
67
401
53
346
475
739
967
574
726
977
97
529
926
429
593
71
248
97
203
619
952
471
876
149
589
859
719
247
918
512
648
172
589
960
608
225
819
865
529
137
44
84
891
524
293
407
6
544
811
997
648
19
637
804
905
511
909
992
429
591
483
990
113
137
195
243
138
301
928
742
867
45
136
820
406
980
778
35
125
92
590
248
664
763
964
733
961
22
767
93
711
473
883
530
992
453
669
249
675
739
402
980
421
257
707
801
377
114
87
785
261
578
561
651
883
379
308
785
814
497
372
268
518
621
55
980
5
152
411
506
986
430
394
330
54
445
468
779
278
166
155
577
312
667
13
764
673
418
973
10
118
929
475
915
73
554
629
100
991
137
598
678
576
820
359
527
983
922
979
338
83
703
79
547
60
271
9
821
674
152
960
831
882
182
372
500
874
585
936
634
912
489
717
262
917
845
841
293
776
104
576
358
505
245
649
279
874
869
461
813
493
719
659
728
770
295
976
853
615
745
461
310
846
159
569
280
753
234
616
795
121
118
908
855
991
873
820
877
546
422
58
868
243
204
697
557
261
412
670
408
730
627
622
768
457
44
729
661
332
739
621
881
361
197
934
910
495
691
469
821
916
457
31
409
772
258
319
694
493
622
454
892
921
615
298
633
835
608
853
165
101
135
719
919
426
980
390
201
935
826
942
343
480
447
692
998
664
783
775
963
952
885
873
169
860
580
993
279
651
562
909
313
782
222
935
189
826
516
861
937
273
431
206
660
621
503
897
490
775
707
168
868
247
568
245
863
261
186
444
459
928
186
642
63
597
826
292
188
266
493
938
999
899
914
693
434
540
378
815
573
928
751
834
665
106
680
973
270
499
354
778
214
347
938
107
137
739
256
902
394
266
238
62
793
246
706
532
243
93
999
389
303
917
891
502
522
609
404
998
982
525
796
819
494
172
679
440
389
367
923
877
736
233
24
447
329
481
799
242
181
256
631
412
800
572
126
363
896
723
29
578
887
956
247
88
237
555
684
322
205
451
953
722
358
161
690
391
214
742
674
39
26
821
786
450
785
694
248
2
385
538
18
280
545
448
932
728
826
767
559
439
872
389
498
636
853
696
556
965
119
899
835
836
537
3
7
386
40
586
771
233
807
956
245
216
277
160
171
883
396
898
160
866
974
622
503
747
795
607
280
554
550
633
345
936
689
371
87
409
718
522
69
266
960
74
219
43
537
686
467
90
229
994
144
680
158
790
168
112
442
246
460
621
146
520
989
875
604
845
153
489
499
44
702
469
862
804
558
728
78
424
420
812
356
384
646
507
210
805
252
946
800
853
336
638
75
712
342
813
457
465
278
441
736
665
559
440
975
945
358
319
789
975
119
209
25
52
372
818
745
547
4
697
791
19
253
693
105
792
541
375
568
159
869
857
307
401
783
173
213
419
50
873
316
211
676
601
164
101
503
94
907
167
695
438
318
993
499
115
604
154
209
112
241
207
47
642
158
4
776
123
471
728
243
293
981
972
994
237
453
757
561
894
744
786
622
936
269
839
769
847
540
84
995
737
996
240
804
11
136
498
263
371
93
801
417
259
631
834
234
828
484
826
10
90
601
28
640
655
211
509
95
74
177
983
571
657
33
547
539
956
384
338
926
228
870
382
994
764
481
644
579
247
369
773
418
330
188
253
94
219
930
843
759
827
380
379
632
208
72
0
524
317
880
790
5
166
348
334
505
879
813
219
6
525
364
414
528
343
746
557
584
949
425
33
70
450
611
607
435
654
746
591
440
943
199
548
532
354
750
947
652
684
970
647
747
158
245
684
492
400
419
539
37
92
912
854
823
63
167
741
955
956
901
431
911
530
981
348
25
582
516
555
780
340
968
448
57
34
469
641
335
85
416
536
870
825
824
507
448
99
409
819
193
465
370
290
129
316
2
896
567
644
535
151
104
85
47
718
984
506
706
923
257
295
239
389
754
483
503
776
249
69
831
922
244
229
666
982
764
319
798
399
956
724
677
79
553
170
887
216
298
85
78
595
561
701
530
671
690
98
582
565
171
493
459
794
389
993
51
980
827
634
577
800
552
701
31
571
390
920
160
511
860
211
455
537
496
287
223
929
397
630
605
898
870
740
683
754
468
428
703
644
500
902
307
780
509
847
365
442
824
209
210
604
25
789
623
285
949
118
160
746
156
736
333
686
801
953
961
556
880
598
780
149
375
841
92
523
232
434
432
398
398
988
141
764
398
346
116
726
681
801
172
905
503
463
972
658
669
356
116
222
977
800
428
97
150
181
100
181
852
591
430
493
137
217
193
770
150
642
152
102
627
720
995
695
229
91
251
966
513
949
803
513
441
489
238
134
998
266
332
945
358
677
777
208
401
473
439
365
703
61
162
539
132
876
428
908
454
525
43
578
782
813
976
693
205
513
714
101
898
678
154
441
465
444
103
535
725
803
13
796
737
988
562
518
876
739
105
72
19
900
203
886
100
572
954
226
464
720
879
654
303
852
463
99
907
109
258
193
54
407
653
816
493
431
216
407
18
168
25
451
556
208
570
98
962
392
657
847
968
583
207
569
8
761
292
784
980
47
537
952
435
726
925
377
699
324
668
925
822
256
948
44
720
978
898
77
504
523
301
566
957
270
385
277
515
926
504
632
933
562
683
698
861
511
231
239
642
837
214
146
194
717
306
892
960
57
458
504
39
988
470
821
232
643
781
28
664
180
26
514
878
886
194
976
195
826
801
593
331
529
366
796
211
270
828
931
444
61
666
251
519
659
813
93
81
960
748
492
240
435
620
808
878
948
245
682
478
48
237
905
869
120
316
956
828
715
304
209
435
230
226
470
535
881
576
830
583
708
84
390
899
609
413
624
790
836
228
527
622
864
434
373
313
563
704
290
171
629
663
902
917
501
986
504
88
917
840
215
74
999
342
634
704
936
364
43
29
332
751
185
946
738
656
934
279
433
458
118
8
667
129
529
899
737
546
283
817
968
285
706
452
410
986
183
360
263
963
417
732
918
870
606
411
215
463
796
174
539
115
111
980
798
295
507
949
499
186
853
3
384
656
725
98
212
465
655
746
911
601
834
595
697
625
935
384
614
551
598
894
79
265
830
671
764
815
828
122
505
170
615
102
527
295
433
191
301
905
552
615
47
502
117
569
237
736
364
642
103
912
790
593
951
878
420
768
391
411
684
35
174
978
625
441
301
612
30
161
806
956
427
359
383
418
595
630
803
908
741
600
626
138
250
516
211
208
910
368
47
705
235
23
79
538
754
524
456
614
379
232
246
944
24
545
711
5
564
547
50
827
33
547
672
421
667
634
145
425
455
510
642
83
449
751
726
459
300
729
754
676
154
885
837
879
134
381
832
448
592
576
867
326
562
946
808
249
929
936
667
911
790
339
402
64
493
371
82
635
141
69
266
704
993
160
260
519
743
948
393
65
447
532
996
758
534
670
146
246
892
441
385
268
74
638
630
232
272
826
507
108
510
507
913
969
273
816
50
74
649
38
587
473
705
256
183
153
742
231
111
333
987
723
833
79
284
600
407
771
962
85
826
132
295
873
390
343
642
174
743
967
773
10
612
657
373
308
564
529
866
780
902
28
776
78
13
608
284
361
124
928
939
603
254
717
968
871
169
994
180
577
500
70
923
937
54
663
964
575
969
581
937
342
568
220
929
363
548
335
58
392
949
321
618
164
703
317
656
150
803
458
775
626
712
239
491
763
505
373
30
201
392
756
413
652
931
326
15
458
759
956
710
342
434
629
385
810
782
302
304
230
690
335
282
945
163
10
524
302
99
33
787
123
520
416
28
551
129
129
409
498
429
151
695
266
836
365
590
67
257
559
745
270
705
361
526
181
565
903
423
85
54
957
259
997
970
440
943
54
609
244
921
644
502
512
590
93
562
639
394
255
827
424
464
374
333
264
603
542
327
654
709
742
898
519
669
574
285
852
670
514
596
121
397
80
82
383
859
158
493
396
621
23
881
681
0
752
840
212
345
189
552
911
252
314
933
233
514
559
937
196
841
763
161
575
423
780
970
788
550
974
356
412
903
203
741
562
80
249
569
133
319
378
737
610
44
712
777
906
258
983
558
696
207
504
152
181
317
211
893
503
367
156
423
296
71
722
886
283
711
428
872
324
831
852
840
600
967
329
357
178
637
135
13
24
873
546
962
189
367
931
507
985
597
498
278
486
462
460
725
44
862
415
718
911
455
380
215
943
251
588
914
825
587
559
557
372
831
640
598
374
903
917
165
136
418
429
818
791
916
163
896
189
549
50
82
624
968
985
910
152
249
930
231
151
83
358
607
308
193
947
772
880
683
8
378
613
356
791
714
84
9
524
898
582
444
46
252
485
418
20
435
492
433
594
404
596
303
356
578
688
887
730
116
147
277
764
586
753
60
832
718
300
285
34
456
768
803
755
597
888
357
557
696
138
627
765
841
360
925
706
974
513
33
198
199
520
683
307
926
107
65
135
127
742
327
971
460
273
537
936
260
824
768
227
525
785
775
803
959
83
902
816
299
69
566
662
508
101
942
11
693
442
725
533
779
548
921
103
725
74
911
758
465
580
444
383
448
275
476
171
21
165
386
581
218
790
311
611
236
899
61
276
879
512
582
658
597
917
121
759
763
828
774
28
445
46
145
240
155
199
916
974
603
375
568
226
554
90
444
709
957
682
554
759
173
212
229
853
810
417
184
523
247
477
627
195
814
477
367
431
29
364
861
259
58
775
305
463
595
371
261
187
257
891
899
675
886
726
682
334
892
679
406
2
776
343
865
114
663
657
110
451
151
28
272
179
817
335
30
794
22
943
945
758
32
724
849
498
794
149
773
494
698
169
818
829
414
33
159
50
925
506
342
517
760
126
924
829
88
549
373
982
746
872
802
469
256
287
124
953
137
563
222
829
93
718
654
659
617
530
908
139
850
240
302
636
256
114
715
178
160
283
470
577
535
901
950
81
915
442
948
562
12
495
868
778
252
687
416
173
770
876
793
692
461
211
199
841
735
128
427
66
864
695
195
388
157
294
166
689
73
959
49
637
514
922
441
654
431
338
881
74
721
486
150
894
863
67
513
420
758
752
197
44
344
851
386
14
5
690
114
102
640
901
890
210
364
338
251
408
894
464
257
91
708
528
435
104
702
288
924
220
508
555
49
0
289
574
693
312
702
251
274
696
2
931
136
408
745
616
498
401
754
225
23
976
437
154
455
555
172
955
152
346
634
551
823
0
930
592
194
161
265
584
13
558
390
315
259
311
769
916
968
169
898
382
165
736
771
660
140
654
777
514
116
389
942
741
551
281
579
160
242
2
405
745
356
417
117
612
699
560
708
543
100
119
294
221
633
940
503
630
304
450
331
942
9
270
706
805
312
422
861
904
156
226
994
775
375
872
502
518
864
819
531
87
685
299
687
935
652
643
119
792
580
863
964
816
991
164
822
640
843
709
406
279
762
554
368
160
566
468
177
257
665
7
133
517
636
167
900
13
414
694
269
394
24
220
580
847
494
736
185
356
232
534
465
573
154
498
256
837
9
316
622
957
287
605
570
322
985
352
301
774
79
196
529
829
43
793
161
274
918
977
546
819
455
698
523
675
629
521
849
958
672
777
558
274
882
812
363
437
348
825
571
137
614
814
170
7
631
960
5
939
398
369
124
268
72
409
918
767
219
416
499
428
874
546
320
465
570
157
423
245
532
263
165
624
189
700
160
289
202
734
416
281
344
413
596
462
530
282
297
938
764
230
487
293
824
960
253
152
511
887
894
348
627
453
387
818
706
797
91
716
221
310
544
571
898
175
268
379
166
38
84
268
767
36
20
123
546
299
779
24
64
579
545
329
143
353
550
135
342
305
788
78
344
286
855
147
405
207
908
674
365
876
16
278
6
697
770
396
256
714
636
834
631
529
838
683
945
563
580
358
241
217
234
81
275
366
820
712
248
316
442
987
468
797
372
246
527
566
34
346
217
998
568
932
42
360
704
660
17
324
880
801
282
549
341
716
141
431
760
802
781
639
728
638
102
512
280
54
347
555
571
884
119
118
165
40
938
416
692
955
694
284
999
679
619
804
949
350
655
769
770
249
626
800
317
699
82
374
877
716
682
63
837
905
464
683
333
172
391
603
588
480
202
498
963
505
370
815
827
105
650
307
26
789
840
446
690
922
39
606
378
242
323
51
913
755
413
404
752
178
744
78
799
363
115
127
643
389
160
902
207
84
843
845
248
918
55
249
485
43
726
378
775
78
496
966
110
993
246
706
412
40
847
28
734
413
898
811
687
508
349
408
175
303
773
129
701
37
335
442
808
246
551
959
677
202
927
49
900
395
59
885
619
40
746
195
655
420
831
988
592
638
32
469
589
762
167
772
960
840
480
209
923
163
738
799
163
653
849
563
683
417
371
644
988
289
298
43
828
161
385
581
861
156
579
478
160
909
568
33
145
856
561
829
253
411
166
986
929
375
230
797
556
267
287
792
144
499
23
61
373
324
82
612
79
268
556
851
833
944
409
342
225
214
155
303
686
52
837
247
215
72
774
62
238
601
799
848
94
214
248
833
408
350
864
514
140
247
36
27
942
747
706
3
175
408
38
191
38
367
565
951
38
120
688
695
218
523
251
437
318
578
503
358
679
357
260
126
718
198
131
7
521
647
131
729
283
696
258
540
750
853
359
410
261
887
918
520
606
354
875
358
912
799
586
269
162
683
918
928
565
128
617
511
530
186
708
408
918
236
831
958
261
452
507
39
525
413
142
456
445
396
719
52
749
917
498
381
455
414
838
810
975
268
77
49
624
661
348
31
455
254
812
78
171
326
256
430
13
498
545
376
700
634
22
830
12
340
47
839
624
552
443
530
558
60
297
928
619
281
780
999
886
37
691
252
241
850
672
49
989
846
46
479
805
501
73
949
198
541
473
42
661
312
207
256
465
167
563
938
259
236
389
119
212
241
994
159
926
847
401
765
261
690
303
454
351
947
816
537
577
822
287
415
716
662
256
101
161
925
436
432
217
168
676
376
512
353
450
736
842
895
52
860
950
396
474
12
90
606
315
361
271
856
738
638
407
713
607
513
653
198
907
17
860
931
500
89
642
159
826
942
69
713
745
254
487
630
224
658
238
789
985
366
408
76
43
950
741
867
324
115
29
217
778
326
484
367
604
523
306
346
92
762
848
773
560
275
312
654
417
920
404
791
596
367
962
352
224
847
191
667
662
939
153
49
279
246
313
995
547
350
449
130
486
435
346
763
624
890
482
334
189
581
428
662
338
589
919
550
969
83
388
641
927
891
202
587
684
226
964
550
314
345
398
328
217
762
892
587
491
475
60
364
412
217
4
593
684
431
879
437
240
967
892
69
613
48
431
792
231
737
53
986
241
461
490
122
997
31
277
293
527
279
958
738
229
894
598
528
66
630
448
76
35
534
191
376
265
133
105
760
897
972
818
470
784
57
835
225
42
321
989
753
989
726
97
583
449
1
529
859
964
866
548
133
19
910
702
736
83
736
102
115
929
683
197
618
214
366
932
253
536
737
372
680
253
879
475
859
225
421
582
194
513
226
410
871
896
175
304
6
387
625
545
386
777
413
53
798
997
27
282
351
166
406
771
608
582
443
407
821
370
56
468
357
434
903
811
850
338
970
269
562
80
977
631
859
927
194
946
754
179
89
167
261
125
713
689
682
58
297
746
863
207
834
827
84
103
800
606
998
57
959
566
925
723
840
642
960
836
620
597
287
161
240
482
97
574
65
22
335
183
426
662
904
95
476
459
167
248
390
427
75
428
829
322
365
229
437
633
175
928
0
653
107
999
575
131
265
174
199
667
445
278
758
98
768
593
958
861
774
949
856
986
673
637
525
361
836
859
97
740
594
899
209
227
375
564
830
331
543
96
35
143
38
551
92
79
576
998
279
992
826
406
255
4
216
66
782
204
40
768
91
339
903
948
909
53
235
154
383
144
1
243
588
898
960
97
868
707
510
110
232
668
689
474
50
584
728
140
593
762
595
459
332
959
320
244
252
102
816
879
783
645
849
486
130
613
901
366
471
328
659
1
96
938
181
58
346
303
297
482
741
411
636
323
603
600
732
692
415
731
388
508
689
215
590
202
423
359
372
156
621
902
871
942
944
9
868
254
655
583
612
454
267
688
210
337
865
108
19
698
134
765
513
393
466
784
328
807
784
368
261
388
213
396
131
479
407
553
232
974
896
163
959
454
771
824
583
133
718
877
965
942
864
653
893
774
53
127
999
381
560
336
440
870
320
626
485
354
70
867
503
17
326
552
924
851
804
443
2
927
401
610
418
538
390
611
986
10
864
797
139
43
349
656
532
530
885
184
351
352
77
478
363
769
448
344
457
213
15
401
163
823
563
788
58
636
215
173
463
582
883
889
348
418
543
575
75
111
493
975
671
225
131
538
171
804
335
673
112
916
539
179
210
44
491
738
397
358
172
413
908
555
344
579
594
563
23
110
821
550
136
446
527
460
888
200
807
979
2
222
967
303
305
256
39
167
650
564
315
94
812
258
424
646
508
819
141
340
229
132
504
600
213
357
62
819
334
471
294
342
570
980
240
456
728
969
458
120
607
682
988
668
16
101
797
930
890
642
853
581
624
745
309
131
997
548
251
28
706
591
178
989
871
21
978
189
785
885
260
255
107
53
192
946
616
493
258
830
103
623
963
88
928
213
636
903
703
868
440
320
503
960
682
439
72
193
293
823
707
964
451
972
301
948
536
295
307
682
791
425
406
882
997
699
119
729
565
30
652
12
268
895
11
675
478
797
518
886
897
414
751
630
256
326
446
719
994
50
738
612
61
380
461
388
84
688
730
412
465
510
571
453
743
224
310
223
991
287
960
574
333
522
965
236
812
263
510
495
72
516
116
852
178
479
340
116
417
365
324
310
310
929
365
742
169
749
201
557
91
789
791
40
747
442
884
757
541
541
564
179
408
37
138
201
775
626
756
586
90
778
947
168
134
757
809
439
986
412
812
787
331
999
42
77
579
439
373
937
13
577
321
827
708
924
59
852
860
613
829
935
193
713
439
889
111
818
320
720
930
430
758
491
247
501
386
91
403
817
247
377
546
138
436
432
506
227
160
227
498
815
550
306
717
689
433
73
403
594
490
2
569
683
447
637
592
998
438
268
860
80
651
372
910
346
670
369
940
264
441
376
127
265
856
155
485
961
49
481
153
379
550
84
376
395
313
119
564
547
151
568
654
4
984
682
320
207
959
790
977
556
765
43
940
812
786
19
851
290
966
568
184
127
605
239
813
686
42
531
349
860
421
566
626
332
671
228
743
619
645
160
417
663
412
434
346
725
557
673
838
940
353
718
770
140
702
353
481
483
114
929
809
465
783
78
142
314
392
320
525
292
411
253
660
577
295
383
968
95
256
277
230
143
937
476
702
75
762
324
581
915
266
455
26
545
414
768
707
932
154
273
833
826
647
392
634
330
510
186
341
897
148
999
179
634
935
617
916
243
344
664
375
382
793
791
831
638
129
845
122
675
918
20
211
479
386
670
707
689
481
65
755
994
137
320
437
887
123
541
100
774
417
355
193
788
713
705
199
630
153
60
321
767
203
963
955
553
299
569
471
159
118
174
713
603
766
799
820
644
996
576
390
218
357
999
497
469
831
963
628
298
885
245
770
935
90
893
41
778
931
40
190
980
896
824
167
524
988
237
976
82
378
51
906
944
947
508
49
800
517
727
525
306
830
8
532
108
842
835
429
464
1
115
192
896
541
792
285
981
394
817
922
184
350
381
680
976
307
32
208
662
627
84
818
366
900
38
807
255
820
435
296
811
638
675
333
619
37
245
915
781
985
731
968
136
16
214
496
922
39
341
166
135
40
819
347
149
182
799
322
78
639
807
496
373
610
839
142
364
929
583
425
854
400
483
795
625
967
895
819
278
612
746
715
803
429
642
168
608
637
833
407
482
172
223
406
589
556
576
673
389
481
62
327
246
688
658
148
74
892
391
863
427
837
336
478
290
954
196
321
119
864
462
757
410
83
418
779
482
292
396
352
844
284
707
421
126
769
79
369
412
430
903
294
802
768
46
145
115
334
278
526
642
408
621
596
544
59
520
653
965
275
357
665
226
187
629
883
782
506
186
636
71
782
253
686
795
797
52
772
912
545
386
256
25
916
719
284
762
45
121
982
70
369
827
934
694
62
173
177
85
635
964
187
682
172
35
137
78
493
914
709
439
357
711
661
236
213
10
245
753
776
438
468
949
77
716
613
682
267
377
912
101
766
940
632
151
79
161
189
747
528
433
677
265
791
605
342
594
226
832
504
637
13
685
729
337
312
786
920
124
261
675
214
172
216
954
410
116
776
309
836
481
285
488
228
693
130
349
420
540
596
761
147
806
3
705
132
396
858
36
206
693
682
195
893
835
644
390
793
490
